 01234567 | 12345678
 01234568 | 23456789
 01234569 | 34567890
 01234570 | 45678901
 01234571 | 56789012

 10100001 | 12345678
 10100002 | 23456789
 10200003 | 34567890
 10210004 | 45678901
 10310005 | 56789012
 10300006 | 67890123
 10410007 | 78901234
 10400008 | 89012345
 10510009 | 90123456
 10500010 | 01234567

 20100001 | 12345678
 20100002 | 23456789
 20200003 | 34567890
 20210004 | 45678901
 20310005 | 56789012
 20300006 | 67890123
 20410007 | 78901234
 20400008 | 89012345
 20510009 | 90123456
 20500010 | 01234567